5.525838549171196712e-13 5.940836310626857833e-12 4.974201342262285979e-11 3.243586722099562376e-10 1.647229255825495644e-09 6.514918087029201974e-09 2.006736046098817483e-08 4.813909522499673210e-08 8.993567004854493999e-08 1.308556277885682062e-07 1.482788522037044553e-07 1.308556277885682062e-07 8.993567004854493999e-08 4.813909522499673210e-08 2.006736046098817483e-08 6.514918087029201974e-09 1.647229255825495644e-09 3.243586722099562376e-10 4.974201342262285979e-11 5.940836310626857833e-12 5.525838549171196712e-13
5.940836310626857833e-12 6.387000951187054959e-11 5.347770422086053593e-10 3.487184361947457715e-09 1.770938344987064278e-08 7.004197025985829626e-08 2.157444569258311676e-07 5.175440475297251181e-07 9.668995745905189179e-07 1.406830579827196165e-06 1.594147895258293702e-06 1.406830579827196165e-06 9.668995745905189179e-07 5.175440475297251181e-07 2.157444569258311676e-07 7.004197025985829626e-08 1.770938344987064278e-08 3.487184361947457715e-09 5.347770422086053593e-10 6.387000951187054959e-11 5.940836310626857833e-12
4.974201342262285979e-11 5.347770422086053593e-10 4.477633353416560547e-09 2.919783718478654597e-08 1.482788522037044553e-07 5.864542368522520739e-07 1.806406221471672828e-06 4.333343255556853408e-06 8.095751019360276934e-06 1.177924822805575579e-05 1.334763690791153372e-05 1.177924822805575579e-05 8.095751019360276934e-06 4.333343255556853408e-06 1.806406221471672828e-06 5.864542368522520739e-07 1.482788522037044553e-07 2.919783718478654597e-08 4.477633353416560547e-09 5.347770422086053593e-10 4.974201342262285979e-11
3.243586722099562376e-10 3.487184361947457715e-09 2.919783718478654597e-08 1.903938149868416555e-07 9.668995745905189179e-07 3.824162000864769779e-06 1.177924822805575579e-05 2.825694755578866333e-05 5.279092804047649221e-05 7.681034706862056567e-05 8.703752596033343270e-05 7.681034706862056567e-05 5.279092804047649221e-05 2.825694755578866333e-05 1.177924822805575579e-05 3.824162000864769779e-06 9.668995745905189179e-07 1.903938149868416555e-07 2.919783718478654597e-08 3.487184361947457715e-09 3.243586722099562376e-10
1.647229255825495644e-09 1.770938344987064278e-08 1.482788522037044553e-07 9.668995745905189179e-07 4.910321206641814096e-06 1.942069710645231615e-05 5.981995844502807977e-05 1.435006203999163274e-04 2.680944539511595655e-04 3.900751288056918966e-04 4.420130287860127966e-04 3.900751288056918966e-04 2.680944539511595655e-04 1.435006203999163274e-04 5.981995844502807977e-05 1.942069710645231615e-05 4.910321206641814096e-06 9.668995745905189179e-07 1.482788522037044553e-07 1.770938344987064278e-08 1.647229255825495644e-09
6.514918087029201974e-09 7.004197025985829626e-08 5.864542368522520739e-07 3.824162000864769779e-06 1.942069710645231615e-05 7.681034706862056567e-05 2.365925252120067667e-04 5.675559634683708093e-04 1.060334134366333831e-03 1.542777062129637973e-03 1.748195441379182466e-03 1.542777062129637973e-03 1.060334134366333831e-03 5.675559634683708093e-04 2.365925252120067667e-04 7.681034706862056567e-05 1.942069710645231615e-05 3.824162000864769779e-06 5.864542368522520739e-07 7.004197025985829626e-08 6.514918087029201974e-09
2.006736046098817483e-08 2.157444569258311676e-07 1.806406221471672828e-06 1.177924822805575579e-05 5.981995844502807977e-05 2.365925252120067667e-04 7.287562824860872564e-04 1.748195441379182466e-03 3.266059066158097206e-03 4.752087900895970995e-03 5.384821053737852414e-03 4.752087900895970995e-03 3.266059066158097206e-03 1.748195441379182466e-03 7.287562824860872564e-04 2.365925252120067667e-04 5.981995844502807977e-05 1.177924822805575579e-05 1.806406221471672828e-06 2.157444569258311676e-07 2.006736046098817483e-08
4.813909522499673210e-08 5.175440475297251181e-07 4.333343255556853408e-06 2.825694755578866333e-05 1.435006203999163274e-04 5.675559634683708093e-04 1.748195441379182466e-03 4.193702853350426453e-03 7.834868402443909835e-03 1.139966626021931238e-02 1.291751418824560634e-02 1.139966626021931238e-02 7.834868402443909835e-03 4.193702853350426453e-03 1.748195441379182466e-03 5.675559634683708093e-04 1.435006203999163274e-04 2.825694755578866333e-05 4.333343255556853408e-06 5.175440475297251181e-07 4.813909522499673210e-08
8.993567004854493999e-08 9.668995745905189179e-07 8.095751019360276934e-06 5.279092804047649221e-05 2.680944539511595655e-04 1.060334134366333831e-03 3.266059066158097206e-03 7.834868402443909835e-03 1.463746121987929104e-02 2.129738040673123320e-02 2.413309366226323166e-02 2.129738040673123320e-02 1.463746121987929104e-02 7.834868402443909835e-03 3.266059066158097206e-03 1.060334134366333831e-03 2.680944539511595655e-04 5.279092804047649221e-05 8.095751019360276934e-06 9.668995745905189179e-07 8.993567004854493999e-08
1.308556277885682062e-07 1.406830579827196165e-06 1.177924822805575579e-05 7.681034706862056567e-05 3.900751288056918966e-04 1.542777062129637973e-03 4.752087900895970995e-03 1.139966626021931238e-02 2.129738040673123320e-02 3.098750564565183954e-02 3.511344408676993212e-02 3.098750564565183954e-02 2.129738040673123320e-02 1.139966626021931238e-02 4.752087900895970995e-03 1.542777062129637973e-03 3.900751288056918966e-04 7.681034706862056567e-05 1.177924822805575579e-05 1.406830579827196165e-06 1.308556277885682062e-07
1.482788522037044553e-07 1.594147895258293702e-06 1.334763690791153372e-05 8.703752596033343270e-05 4.420130287860127966e-04 1.748195441379182466e-03 5.384821053737852414e-03 1.291751418824560634e-02 2.413309366226323166e-02 3.511344408676993212e-02 3.978874484877184536e-02 3.511344408676993212e-02 2.413309366226323166e-02 1.291751418824560634e-02 5.384821053737852414e-03 1.748195441379182466e-03 4.420130287860127966e-04 8.703752596033343270e-05 1.334763690791153372e-05 1.594147895258293702e-06 1.482788522037044553e-07
1.308556277885682062e-07 1.406830579827196165e-06 1.177924822805575579e-05 7.681034706862056567e-05 3.900751288056918966e-04 1.542777062129637973e-03 4.752087900895970995e-03 1.139966626021931238e-02 2.129738040673123320e-02 3.098750564565183954e-02 3.511344408676993212e-02 3.098750564565183954e-02 2.129738040673123320e-02 1.139966626021931238e-02 4.752087900895970995e-03 1.542777062129637973e-03 3.900751288056918966e-04 7.681034706862056567e-05 1.177924822805575579e-05 1.406830579827196165e-06 1.308556277885682062e-07
8.993567004854493999e-08 9.668995745905189179e-07 8.095751019360276934e-06 5.279092804047649221e-05 2.680944539511595655e-04 1.060334134366333831e-03 3.266059066158097206e-03 7.834868402443909835e-03 1.463746121987929104e-02 2.129738040673123320e-02 2.413309366226323166e-02 2.129738040673123320e-02 1.463746121987929104e-02 7.834868402443909835e-03 3.266059066158097206e-03 1.060334134366333831e-03 2.680944539511595655e-04 5.279092804047649221e-05 8.095751019360276934e-06 9.668995745905189179e-07 8.993567004854493999e-08
4.813909522499673210e-08 5.175440475297251181e-07 4.333343255556853408e-06 2.825694755578866333e-05 1.435006203999163274e-04 5.675559634683708093e-04 1.748195441379182466e-03 4.193702853350426453e-03 7.834868402443909835e-03 1.139966626021931238e-02 1.291751418824560634e-02 1.139966626021931238e-02 7.834868402443909835e-03 4.193702853350426453e-03 1.748195441379182466e-03 5.675559634683708093e-04 1.435006203999163274e-04 2.825694755578866333e-05 4.333343255556853408e-06 5.175440475297251181e-07 4.813909522499673210e-08
2.006736046098817483e-08 2.157444569258311676e-07 1.806406221471672828e-06 1.177924822805575579e-05 5.981995844502807977e-05 2.365925252120067667e-04 7.287562824860872564e-04 1.748195441379182466e-03 3.266059066158097206e-03 4.752087900895970995e-03 5.384821053737852414e-03 4.752087900895970995e-03 3.266059066158097206e-03 1.748195441379182466e-03 7.287562824860872564e-04 2.365925252120067667e-04 5.981995844502807977e-05 1.177924822805575579e-05 1.806406221471672828e-06 2.157444569258311676e-07 2.006736046098817483e-08
6.514918087029201974e-09 7.004197025985829626e-08 5.864542368522520739e-07 3.824162000864769779e-06 1.942069710645231615e-05 7.681034706862056567e-05 2.365925252120067667e-04 5.675559634683708093e-04 1.060334134366333831e-03 1.542777062129637973e-03 1.748195441379182466e-03 1.542777062129637973e-03 1.060334134366333831e-03 5.675559634683708093e-04 2.365925252120067667e-04 7.681034706862056567e-05 1.942069710645231615e-05 3.824162000864769779e-06 5.864542368522520739e-07 7.004197025985829626e-08 6.514918087029201974e-09
1.647229255825495644e-09 1.770938344987064278e-08 1.482788522037044553e-07 9.668995745905189179e-07 4.910321206641814096e-06 1.942069710645231615e-05 5.981995844502807977e-05 1.435006203999163274e-04 2.680944539511595655e-04 3.900751288056918966e-04 4.420130287860127966e-04 3.900751288056918966e-04 2.680944539511595655e-04 1.435006203999163274e-04 5.981995844502807977e-05 1.942069710645231615e-05 4.910321206641814096e-06 9.668995745905189179e-07 1.482788522037044553e-07 1.770938344987064278e-08 1.647229255825495644e-09
3.243586722099562376e-10 3.487184361947457715e-09 2.919783718478654597e-08 1.903938149868416555e-07 9.668995745905189179e-07 3.824162000864769779e-06 1.177924822805575579e-05 2.825694755578866333e-05 5.279092804047649221e-05 7.681034706862056567e-05 8.703752596033343270e-05 7.681034706862056567e-05 5.279092804047649221e-05 2.825694755578866333e-05 1.177924822805575579e-05 3.824162000864769779e-06 9.668995745905189179e-07 1.903938149868416555e-07 2.919783718478654597e-08 3.487184361947457715e-09 3.243586722099562376e-10
4.974201342262285979e-11 5.347770422086053593e-10 4.477633353416560547e-09 2.919783718478654597e-08 1.482788522037044553e-07 5.864542368522520739e-07 1.806406221471672828e-06 4.333343255556853408e-06 8.095751019360276934e-06 1.177924822805575579e-05 1.334763690791153372e-05 1.177924822805575579e-05 8.095751019360276934e-06 4.333343255556853408e-06 1.806406221471672828e-06 5.864542368522520739e-07 1.482788522037044553e-07 2.919783718478654597e-08 4.477633353416560547e-09 5.347770422086053593e-10 4.974201342262285979e-11
5.940836310626857833e-12 6.387000951187054959e-11 5.347770422086053593e-10 3.487184361947457715e-09 1.770938344987064278e-08 7.004197025985829626e-08 2.157444569258311676e-07 5.175440475297251181e-07 9.668995745905189179e-07 1.406830579827196165e-06 1.594147895258293702e-06 1.406830579827196165e-06 9.668995745905189179e-07 5.175440475297251181e-07 2.157444569258311676e-07 7.004197025985829626e-08 1.770938344987064278e-08 3.487184361947457715e-09 5.347770422086053593e-10 6.387000951187054959e-11 5.940836310626857833e-12
5.525838549171196712e-13 5.940836310626857833e-12 4.974201342262285979e-11 3.243586722099562376e-10 1.647229255825495644e-09 6.514918087029201974e-09 2.006736046098817483e-08 4.813909522499673210e-08 8.993567004854493999e-08 1.308556277885682062e-07 1.482788522037044553e-07 1.308556277885682062e-07 8.993567004854493999e-08 4.813909522499673210e-08 2.006736046098817483e-08 6.514918087029201974e-09 1.647229255825495644e-09 3.243586722099562376e-10 4.974201342262285979e-11 5.940836310626857833e-12 5.525838549171196712e-13
