2.645231840717092780e-07 7.601261873294112753e-07 1.954576646573618421e-06 4.497433740668036588e-06 9.260232686513109756e-06 1.706176999043720923e-05 2.813010309902694894e-05 4.150148361993309638e-05 5.478995938435243833e-05 6.472668903919058959e-05 6.842437880979664858e-05 6.472668903919058959e-05 5.478995938435243833e-05 4.150148361993309638e-05 2.813010309902694894e-05 1.706176999043720923e-05 9.260232686513109756e-06 4.497433740668036588e-06 1.954576646573618421e-06 7.601261873294112753e-07 2.645231840717092780e-07
7.601261873294112753e-07 2.184276673863544131e-06 5.616615040443288834e-06 1.292369579648603177e-05 2.660993738784809444e-05 4.902820982378098202e-05 8.083385240081669611e-05 1.192574655534990450e-04 1.574428459906599461e-04 1.859967455422683962e-04 1.966223201478416974e-04 1.859967455422683962e-04 1.574428459906599461e-04 1.192574655534990450e-04 8.083385240081669611e-05 4.902820982378098202e-05 2.660993738784809444e-05 1.292369579648603177e-05 5.616615040443288834e-06 2.184276673863544131e-06 7.601261873294112753e-07
1.954576646573618421e-06 5.616615040443288834e-06 1.444247649119221439e-05 3.323179021101967340e-05 6.842437880979664858e-05 1.260703756063920084e-04 2.078549098674130672e-04 3.066567906565371353e-04 4.048460835491120118e-04 4.782691364086186919e-04 5.055915735600690188e-04 4.782691364086186919e-04 4.048460835491120118e-04 3.066567906565371353e-04 2.078549098674130672e-04 1.260703756063920084e-04 6.842437880979664858e-05 3.323179021101967340e-05 1.444247649119221439e-05 5.616615040443288834e-06 1.954576646573618421e-06
4.497433740668036588e-06 1.292369579648603177e-05 3.323179021101967340e-05 7.646554808676444398e-05 1.574428459906599461e-04 2.900848948261111268e-04 4.782691364086186919e-04 7.056098820792598399e-04 9.315410777688887993e-04 1.100485752234363563e-03 1.163354021400284880e-03 1.100485752234363563e-03 9.315410777688887993e-04 7.056098820792598399e-04 4.782691364086186919e-04 2.900848948261111268e-04 1.574428459906599461e-04 7.646554808676444398e-05 3.323179021101967340e-05 1.292369579648603177e-05 4.497433740668036588e-06
9.260232686513109756e-06 2.660993738784809444e-05 6.842437880979664858e-05 1.574428459906599461e-04 3.241754015221569459e-04 5.972858700823148155e-04 9.847579186933455228e-04 1.452853353874304686e-03 1.918046520437181705e-03 2.265904229279185490e-03 2.395350227740586889e-03 2.265904229279185490e-03 1.918046520437181705e-03 1.452853353874304686e-03 9.847579186933455228e-04 5.972858700823148155e-04 3.241754015221569459e-04 1.574428459906599461e-04 6.842437880979664858e-05 2.660993738784809444e-05 9.260232686513109756e-06
1.706176999043720923e-05 4.902820982378098202e-05 1.260703756063920084e-04 2.900848948261111268e-04 5.972858700823148155e-04 1.100485752234363563e-03 1.814394267811226310e-03 2.676849555815271221e-03 3.533957479310398993e-03 4.174877466807770839e-03 4.413378801136827803e-03 4.174877466807770839e-03 3.533957479310398993e-03 2.676849555815271221e-03 1.814394267811226310e-03 1.100485752234363563e-03 5.972858700823148155e-04 2.900848948261111268e-04 1.260703756063920084e-04 4.902820982378098202e-05 1.706176999043720923e-05
2.813010309902694894e-05 8.083385240081669611e-05 2.078549098674130672e-04 4.782691364086186919e-04 9.847579186933455228e-04 1.814394267811226310e-03 2.991430422776753494e-03 4.413378801136827803e-03 5.826510865888863237e-03 6.883209282092640421e-03 7.276431505091319335e-03 6.883209282092640421e-03 5.826510865888863237e-03 4.413378801136827803e-03 2.991430422776753494e-03 1.814394267811226310e-03 9.847579186933455228e-04 4.782691364086186919e-04 2.078549098674130672e-04 8.083385240081669611e-05 2.813010309902694894e-05
4.150148361993309638e-05 1.192574655534990450e-04 3.066567906565371353e-04 7.056098820792598399e-04 1.452853353874304686e-03 2.676849555815271221e-03 4.413378801136827803e-03 6.511236996862472017e-03 8.596088127043275198e-03 1.015507821879331821e-02 1.073521493529678086e-02 1.015507821879331821e-02 8.596088127043275198e-03 6.511236996862472017e-03 4.413378801136827803e-03 2.676849555815271221e-03 1.452853353874304686e-03 7.056098820792598399e-04 3.066567906565371353e-04 1.192574655534990450e-04 4.150148361993309638e-05
5.478995938435243833e-05 1.574428459906599461e-04 4.048460835491120118e-04 9.315410777688887993e-04 1.918046520437181705e-03 3.533957479310398993e-03 5.826510865888863237e-03 8.596088127043275198e-03 1.134849355406669473e-02 1.340666103043535243e-02 1.417255333986907131e-02 1.340666103043535243e-02 1.134849355406669473e-02 8.596088127043275198e-03 5.826510865888863237e-03 3.533957479310398993e-03 1.918046520437181705e-03 9.315410777688887993e-04 4.048460835491120118e-04 1.574428459906599461e-04 5.478995938435243833e-05
6.472668903919058959e-05 1.859967455422683962e-04 4.782691364086186919e-04 1.100485752234363563e-03 2.265904229279185490e-03 4.174877466807770839e-03 6.883209282092640421e-03 1.015507821879331821e-02 1.340666103043535243e-02 1.583809861006487546e-02 1.674289346494811648e-02 1.583809861006487546e-02 1.340666103043535243e-02 1.015507821879331821e-02 6.883209282092640421e-03 4.174877466807770839e-03 2.265904229279185490e-03 1.100485752234363563e-03 4.782691364086186919e-04 1.859967455422683962e-04 6.472668903919058959e-05
6.842437880979664858e-05 1.966223201478416974e-04 5.055915735600690188e-04 1.163354021400284880e-03 2.395350227740586889e-03 4.413378801136827803e-03 7.276431505091319335e-03 1.073521493529678086e-02 1.417255333986907131e-02 1.674289346494811648e-02 1.769937720936150261e-02 1.674289346494811648e-02 1.417255333986907131e-02 1.073521493529678086e-02 7.276431505091319335e-03 4.413378801136827803e-03 2.395350227740586889e-03 1.163354021400284880e-03 5.055915735600690188e-04 1.966223201478416974e-04 6.842437880979664858e-05
6.472668903919058959e-05 1.859967455422683962e-04 4.782691364086186919e-04 1.100485752234363563e-03 2.265904229279185490e-03 4.174877466807770839e-03 6.883209282092640421e-03 1.015507821879331821e-02 1.340666103043535243e-02 1.583809861006487546e-02 1.674289346494811648e-02 1.583809861006487546e-02 1.340666103043535243e-02 1.015507821879331821e-02 6.883209282092640421e-03 4.174877466807770839e-03 2.265904229279185490e-03 1.100485752234363563e-03 4.782691364086186919e-04 1.859967455422683962e-04 6.472668903919058959e-05
5.478995938435243833e-05 1.574428459906599461e-04 4.048460835491120118e-04 9.315410777688887993e-04 1.918046520437181705e-03 3.533957479310398993e-03 5.826510865888863237e-03 8.596088127043275198e-03 1.134849355406669473e-02 1.340666103043535243e-02 1.417255333986907131e-02 1.340666103043535243e-02 1.134849355406669473e-02 8.596088127043275198e-03 5.826510865888863237e-03 3.533957479310398993e-03 1.918046520437181705e-03 9.315410777688887993e-04 4.048460835491120118e-04 1.574428459906599461e-04 5.478995938435243833e-05
4.150148361993309638e-05 1.192574655534990450e-04 3.066567906565371353e-04 7.056098820792598399e-04 1.452853353874304686e-03 2.676849555815271221e-03 4.413378801136827803e-03 6.511236996862472017e-03 8.596088127043275198e-03 1.015507821879331821e-02 1.073521493529678086e-02 1.015507821879331821e-02 8.596088127043275198e-03 6.511236996862472017e-03 4.413378801136827803e-03 2.676849555815271221e-03 1.452853353874304686e-03 7.056098820792598399e-04 3.066567906565371353e-04 1.192574655534990450e-04 4.150148361993309638e-05
2.813010309902694894e-05 8.083385240081669611e-05 2.078549098674130672e-04 4.782691364086186919e-04 9.847579186933455228e-04 1.814394267811226310e-03 2.991430422776753494e-03 4.413378801136827803e-03 5.826510865888863237e-03 6.883209282092640421e-03 7.276431505091319335e-03 6.883209282092640421e-03 5.826510865888863237e-03 4.413378801136827803e-03 2.991430422776753494e-03 1.814394267811226310e-03 9.847579186933455228e-04 4.782691364086186919e-04 2.078549098674130672e-04 8.083385240081669611e-05 2.813010309902694894e-05
1.706176999043720923e-05 4.902820982378098202e-05 1.260703756063920084e-04 2.900848948261111268e-04 5.972858700823148155e-04 1.100485752234363563e-03 1.814394267811226310e-03 2.676849555815271221e-03 3.533957479310398993e-03 4.174877466807770839e-03 4.413378801136827803e-03 4.174877466807770839e-03 3.533957479310398993e-03 2.676849555815271221e-03 1.814394267811226310e-03 1.100485752234363563e-03 5.972858700823148155e-04 2.900848948261111268e-04 1.260703756063920084e-04 4.902820982378098202e-05 1.706176999043720923e-05
9.260232686513109756e-06 2.660993738784809444e-05 6.842437880979664858e-05 1.574428459906599461e-04 3.241754015221569459e-04 5.972858700823148155e-04 9.847579186933455228e-04 1.452853353874304686e-03 1.918046520437181705e-03 2.265904229279185490e-03 2.395350227740586889e-03 2.265904229279185490e-03 1.918046520437181705e-03 1.452853353874304686e-03 9.847579186933455228e-04 5.972858700823148155e-04 3.241754015221569459e-04 1.574428459906599461e-04 6.842437880979664858e-05 2.660993738784809444e-05 9.260232686513109756e-06
4.497433740668036588e-06 1.292369579648603177e-05 3.323179021101967340e-05 7.646554808676444398e-05 1.574428459906599461e-04 2.900848948261111268e-04 4.782691364086186919e-04 7.056098820792598399e-04 9.315410777688887993e-04 1.100485752234363563e-03 1.163354021400284880e-03 1.100485752234363563e-03 9.315410777688887993e-04 7.056098820792598399e-04 4.782691364086186919e-04 2.900848948261111268e-04 1.574428459906599461e-04 7.646554808676444398e-05 3.323179021101967340e-05 1.292369579648603177e-05 4.497433740668036588e-06
1.954576646573618421e-06 5.616615040443288834e-06 1.444247649119221439e-05 3.323179021101967340e-05 6.842437880979664858e-05 1.260703756063920084e-04 2.078549098674130672e-04 3.066567906565371353e-04 4.048460835491120118e-04 4.782691364086186919e-04 5.055915735600690188e-04 4.782691364086186919e-04 4.048460835491120118e-04 3.066567906565371353e-04 2.078549098674130672e-04 1.260703756063920084e-04 6.842437880979664858e-05 3.323179021101967340e-05 1.444247649119221439e-05 5.616615040443288834e-06 1.954576646573618421e-06
7.601261873294112753e-07 2.184276673863544131e-06 5.616615040443288834e-06 1.292369579648603177e-05 2.660993738784809444e-05 4.902820982378098202e-05 8.083385240081669611e-05 1.192574655534990450e-04 1.574428459906599461e-04 1.859967455422683962e-04 1.966223201478416974e-04 1.859967455422683962e-04 1.574428459906599461e-04 1.192574655534990450e-04 8.083385240081669611e-05 4.902820982378098202e-05 2.660993738784809444e-05 1.292369579648603177e-05 5.616615040443288834e-06 2.184276673863544131e-06 7.601261873294112753e-07
2.645231840717092780e-07 7.601261873294112753e-07 1.954576646573618421e-06 4.497433740668036588e-06 9.260232686513109756e-06 1.706176999043720923e-05 2.813010309902694894e-05 4.150148361993309638e-05 5.478995938435243833e-05 6.472668903919058959e-05 6.842437880979664858e-05 6.472668903919058959e-05 5.478995938435243833e-05 4.150148361993309638e-05 2.813010309902694894e-05 1.706176999043720923e-05 9.260232686513109756e-06 4.497433740668036588e-06 1.954576646573618421e-06 7.601261873294112753e-07 2.645231840717092780e-07
